$ANSIBLE_VAULT;1.1;AES256
62303135316464376663303862366339393466623366633439633063613261666166633531353462
3962316331626265386430366234306238306634376634340a363366653663636632343531386465
66343363316439653965633166386437373632613662616161663736643338383066316534646537
6430303735333939320a656230363639366262353062376632633965363362343832353131656430
63326663663964636335353066363066393831613339663432666539633532653666333035656435
39653866373035346236323039303066336666643333323263313037633863626538353337626132
38373165646537373531613361353330303463666335396361303364633161373636316138663966
39346531393965336436303533366261623139396333333435626366646239393833343763343033
63626632633535613039333831613664326662383636323162313030303431326537363236313834
62666136333731633430633639373961343737613632663830623063633461306230643831643363
31333664646331396630393237396533306339656466343437656632356334373061393766313931
36373536373164313734623637303663303361656635376566383530393063613830623366316138
63646161376434373735623665653332626235643633316131303235346331356466613032633938
36373730366364623763333433383436386362623462316232303766636663373336633131373230
34383864303865663034306565386366613635666338356231306436663431666437643832636437
31376435393135666336343136383234636264343239373738666239336662653938616630376438
37326537323633653035656166313363316631393436626366303930353663356566656562646436
36343339386337643161393162373031643639646232376436356439323761353637376466666439
64653134613561656665386332616164386135663530626531393336343435623134346630333433
61626664663531636538363635316438626138313162626634306539316634663236366638636466
61366530636532356132396231616463663339636639343464653363613733646337323230383639
62626634353131633133343137306131316564353035656564373636316437316137376131393239
33613930326336313466343031366237656337623937666333353838633865633265356563333234
63666135373932313539396561623363623437643633303139613161366232356632663931313363
64393765663363653933626362663038666433366234393030613166633362373562313332656137
62613431636430616561653363393436633031326630623238386661306238326463366333366562
36396139646561623664383735613130323432383936396538666261303862343334636161613666
39373763326263653961613566396635663633343639383831626363316434316339653237323565
66386366356164636161393038323063613836383830633361313633633431646237663262386337
65396639323939643838623361343037326263343332626666393632663635366233323139386666
65633762306331613739343536656134663636303864663839623762643637306637393962346238
32306537373337303763303466333961643363313030653562663638363334373932643232653365
33393036666161626338646363666637313131393533333430626633376436373635383630336633
31326262623666353736656434316630343537616637623061323364343162306635333832346134
31323532353131396630633164646234663763343865383034636161373938333038306361316633
30633031333137623231623061613339376538316532656339353661353063303665623561636537
35336431333463643933643265616265623831636432643539656330303738613465353266663531
63306166653632653237663463336530383737636363376432306164646530333939373066663566
37663236353035323932373936313737373930346634643934663164663036376536326238363063
32376431343035386538343538366432643566333430616430316163653363643037353132366439
32633062393832623032323861333564636135363833643234333462383363366364383866363362
65373861373737643237336131326566633463633839323830663261393764643538336435386636
31356532623834333933393765393462306363393134643732366565306638623736653863613634
35316565656662373664656337616436323862303038613432653635366465666561623866396164
64393739326538363866396332653834343036373362626365363331636634613066383230656231
39313666346333306334353161613533663738363762653739323234386534643964383931326539
66373638616239346538343637343738303931613061373937306530383333316338663262646139
36363061646263323939306536303236326165383566353436613034306265306237303639316339
37343566303961366630376536666362333163353834613639646434376534663661373033313931
65386631666566316666646433343938366434383462636234623962663764393136653965643663
64383331396161383934323936663236623237653434613562353064376235303831323766396437
66343438333763333965353266623531653237313565633037626430373738396139653365646262
30636336323464306664626439306538626639343837383935666230656234623335393162613736
64353934326637346635336633646135316164326565653231616639616333643037633031626263
64356531373032623936383630336461376330323339343130346330336366396534663639376638
32333937376239646336663333633035643731333464643965646637333133656633306161363861
38626137623061623534393266643264666533366535353564656530396231343532366466626261
32343563373062316538363263376661303037316362396630386330356461333836326561653862
66323035636135373735616561666539383061303232353032343461373161366435316336396539
66366537323562346238373763343338326331643839643364636436353666663133333162616337
64303534656331333263626661343130363762663166363438663463363237323336386636376330
31653137356434333230363266643235613264656333633366656433613831366566366634616639
38363165333332336234656538653230613365653437613466353938343661616530643863353838
37663062316562616265363032663338643064616330326563306631373637396566336464613235
31353931653432636531633235326538623233386534316630613363366537373037653861646665
32306533383031363237396463666132356362343036653239633636666564363266666136316139
38373261313738623639633935613933326662656363653564306439643533646136396361313661
32343861656430323064343139633863313532626139376466653665303438376664386130336361
65333332613430396434653238323965356661373536393232393062353530346662363336373038
35393930613066323461373165353363363239323961366136303866333665323530613339356665
38336464613738376235643631356331326636393762393765353766333635653464356337396164
38303139363430376437363661336465303163333237666361356465646163333630663631613530
62363636323835346462303966366236343332373031353763656366613936396430633565313136
32363435303164303865383431383831306431383933336531396562303337393965383334633234
39666663356663373962303130386536343934306363613735643331636436303535346635336331
65353937316263393033356637313564303966376332323336343063396337316234666239366262
62623065383336303735333035636265626433306638343862636666356232633131346564393837
63393764303064366634356230323230316433656665306538356631313031303564383737316163
34326239623530653733316439383266316534316163376233613665306334643633646564333135
33376536633535643636
